   0.0000000e+00   9.4731198e+05   1.5344874e+07   4.5102354e+11   5.7083485e+11
   5.2631579e-02   6.0100411e+08   1.2449709e+10   4.5179981e+11   5.7116910e+11
   1.0526316e-01   2.3896160e+09   2.4917612e+10   4.5410873e+11   5.7217364e+11
   1.5789474e-01   5.3241032e+09   3.7421825e+10   4.5789215e+11   5.7385350e+11
   2.1052632e-01   9.3394474e+09   4.9980308e+10   4.6305825e+11   5.7621609e+11
   2.6315789e-01   1.4353166e+10   6.2610756e+10   4.6948802e+11   5.7926988e+11
   3.1578947e-01   2.0271826e+10   7.5330494e+10   4.7704284e+11   5.8302284e+11
   3.6842105e-01   2.6997284e+10   8.8156341e+10   4.8557201e+11   5.8748083e+11
   4.2105263e-01   3.4431955e+10   1.0110448e+11   4.9491954e+11   5.9264618e+11
   4.7368421e-01   4.2482784e+10   1.1419030e+11   5.0492997e+11   5.9851653e+11
   5.2631579e-01   5.1063903e+10   1.2742834e+11   5.1545294e+11   6.0508412e+11
   5.7894737e-01   6.0098122e+10   1.4083210e+11   5.2634688e+11   6.1233537e+11
   6.3157895e-01   6.9517518e+10   1.5441407e+11   5.3748182e+11   6.2025093e+11
   6.8421053e-01   7.9263390e+10   1.6818565e+11   5.4874165e+11   6.2880603e+11
   7.3684211e-01   8.9285803e+10   1.8215717e+11   5.6002579e+11   6.3797102e+11
   7.8947368e-01   9.9542909e+10   1.9633793e+11   5.7125058e+11   6.4771210e+11
   8.4210526e-01   1.1000018e+11   2.1073629e+11   5.8235012e+11   6.5799212e+11
   8.9473684e-01   1.2062963e+11   2.2535972e+11   5.9327677e+11   6.6877139e+11
   9.4736842e-01   1.3140909e+11   2.4021493e+11   6.0400111e+11   6.8000846e+11
   1.0000000e+00   1.4232157e+11   2.5530796e+11   6.1451142e+11   6.9166084e+11
