   0.0000000e+00   9.0941160e+05   1.3947757e+06   4.5102354e+11   5.7083472e+11
   5.2631579e-02   3.6068899e+08   1.2447579e+10   4.5141574e+11   5.7085100e+11
   1.0526316e-01   1.4397653e+09   2.4900576e+10   4.5258911e+11   5.7090145e+11
   1.5789474e-01   3.2284139e+09   3.7364363e+10   4.5453414e+11   5.7099079e+11
   2.1052632e-01   5.7124283e+09   4.9844213e+10   4.5723546e+11   5.7112686e+11
   2.6315789e-01   8.8728895e+09   6.2345257e+10   4.6067251e+11   5.7132040e+11
   3.1578947e-01   1.2687013e+10   7.4872433e+10   4.6482045e+11   5.7158490e+11
   3.6842105e-01   1.7129093e+10   8.7430437e+10   4.6965105e+11   5.7193636e+11
   4.2105263e-01   2.2171461e+10   1.0002368e+11   4.7513370e+11   5.7239306e+11
   4.7368421e-01   2.7785400e+10   1.1265622e+11   4.8123635e+11   5.7297531e+11
   5.2631579e-01   3.3941967e+10   1.2533174e+11   4.8792630e+11   5.7370513e+11
   5.7894737e-01   4.0612681e+10   1.3805349e+11   4.9517097e+11   5.7460602e+11
   6.3157895e-01   4.7770083e+10   1.5082423e+11   5.0293842e+11   5.7570270e+11
   6.8421053e-01   5.5388156e+10   1.6364618e+11   5.1119783e+11   5.7702086e+11
   7.3684211e-01   6.3442613e+10   1.7652101e+11   5.1991982e+11   5.7858693e+11
   7.8947368e-01   7.1911084e+10   1.8944975e+11   5.2907662e+11   5.8042791e+11
   8.4210526e-01   8.0773201e+10   2.0243282e+11   5.3864220e+11   5.8257114e+11
   8.9473684e-01   9.0010619e+10   2.1546992e+11   5.4859235e+11   5.8504420e+11
   9.4736842e-01   9.9606977e+10   2.2856012e+11   5.5890462e+11   5.8787469e+11
   1.0000000e+00   1.0954782e+11   2.4170174e+11   5.6955828e+11   5.9109017e+11
